n,std_unordered_set,google_dense_hash_set,google_sparse_hash_set,tsl_robin_set,bloom_filter,std_unordered_set,google_dense_hash_set,google_sparse_hash_set,tsl_robin_set,bloom_filter
250000,137,130,881,112,35,34736,40972,24447,38922,299
500000,333,319,2428,240,82,69560,81932,48704,77828,599
750000,439,549,2747,419,79,100812,163856,72675,155657,898
1000000,669,608,4006,448,149,139336,163852,97212,155661,1198
1250000,785,1017,4806,715,165,170584,327697,121242,311306,1497
1500000,914,1078,5874,791,166,201840,327700,145080,311308,1797
1750000,1049,1169,7792,851,176,233092,327700,173552,311309,2096
2000000,1425,1250,8529,928,389,279101,327700,194220,311308,2396
2250000,1551,2130,9544,1416,399,310352,655389,218290,622608,2695
2500000,1655,2121,10174,1635,425,341604,655388,242256,622605,2995
2750000,1855,2206,11951,1573,341,372856,655388,266108,622611,3294
3000000,1793,2116,12171,1669,487,404108,655388,289833,622610,3594
