n,std_unordered_set,google_dense_hash_set,google_sparse_hash_set,tsl_robin_set,bloom_filter,std_unordered_set,google_dense_hash_set,google_sparse_hash_set,tsl_robin_set,bloom_filter
250000,83,64,152,70,24,19112,24712,9341,30864,299
500000,231,141,358,155,49,38320,49288,18472,61580,599
750000,334,297,586,308,55,53940,98440,26472,123018,898
1000000,671,343,1094,330,107,77788,98440,36696,123019,1198
1250000,663,534,1027,547,115,92456,196744,44796,245901,1497
1500000,709,563,1358,595,115,108080,196744,52684,245900,1797
1750000,872,586,1942,877,130,123708,196744,62246,245897,2096
2000000,1442,736,2317,861,546,157944,196744,73098,245900,2396
2250000,1415,1182,2459,1366,381,169714,393352,81416,491658,2695
2500000,1401,1030,2393,1172,273,185340,393352,89193,491658,2995
2750000,1503,1145,2703,1254,342,200965,393352,97141,491661,3294
3000000,1670,1207,2949,1269,364,216592,393352,105004,491660,3594
