n,std_unordered_set,google_dense_hash_set,google_sparse_hash_set,tsl_robin_set,bloom_filter
250000,73,62,95,60,53,0,0,0,0,0
500000,151,137,207,127,114,0,0,0,0,0
750000,247,193,351,172,152,0,0,0,0,0
1000000,355,315,487,275,247,0,0,0,0,0
1250000,453,344,688,326,284,0,0,0,0,0
1500000,522,405,772,364,311,0,0,0,0,0
1750000,617,481,823,446,350,0,0,0,0,0
2000000,706,634,1028,549,557,0,0,0,0,0
2250000,746,616,1124,539,611,0,0,0,0,0
2500000,849,711,1283,621,666,0,0,0,0,0
2750000,964,788,1474,678,706,0,0,0,0,0
3000000,1076,867,1784,778,915,0,0,0,0,0
