n,std_unordered_set,google_dense_hash_set,google_sparse_hash_set,tsl_robin_set,bloom_filter
250000,42,19,37,20,13,0,0,0,0,0
500000,86,42,80,43,31,0,0,0,0,0
750000,152,88,142,58,36,0,0,0,0,0
1000000,186,86,176,101,73,0,0,0,0,0
1250000,294,116,253,115,77,0,0,0,0,0
1500000,334,146,299,135,81,0,0,0,0,0
1750000,466,169,359,178,89,0,0,0,0,0
2000000,441,200,439,192,198,0,0,0,0,0
2250000,513,194,500,229,185,0,0,0,0,0
2500000,570,239,583,214,203,0,0,0,0,0
2750000,667,244,646,256,183,0,0,0,0,0
3000000,692,281,768,270,207,0,0,0,0,0
